0.42925691	0.01158236094	-0.01006524215	-0.01402268303	-0.05225974002	0.01433241977	-0.05068516991	-0.05756390729	-0.02100289879	-0.00243434051	-0.07022888778	-0.001570266159	0.01394535238	-0.007502811515	0.0123107197	-0.03867764656	-0.05536058301	-0.03933909508	0.01598806879	0.08198702762	0.0399557618	0.04075744924	0.06619768844	-0.0559484579	0.01185662838	-0.06268292725	-0.09091212416	-0.03146346511	0.01220704949	0.001381032178	0.08112815853	0.01147955839	-0.03967333632	-0.03922829574	0.08150233548	0.03412030951	0.07936746547	0.05099273152	-0.01503415832	-0.01955160025	-0.07295767227	-0.07577448916	0.001132448054	0.07578701796	0.08469832523	0.03460873738	0.03325267889	0.0259400741	0.03948971699	0.03986322396	0.03269682552	0.03264045941	-0.004113563143	-0.004549594126	-0.004150452254	-0.005665457451	-0.008224811841	-0.01159714238	-0.03308312943	0.05003961764	0.03584460883	-0.04538101287	-0.07521224733	-0.04254676068	-0.07625569667	-0.04500569714	-0.07428924027	-0.04639604382	-0.06689048355	-0.02060123845	0.0519922853	-0.03544839382	-0.03069106548	-0.07925417551	0.06575963585	-0.06079867824	
0.01158236094	0.4857852628	0.01702164995	0.02114829981	0.02176687807	-0.01995728801	0.01206729897	-0.005995267418	-0.01318798265	0.006603193241	-0.04198803227	-0.003138162069	-0.01915080834	-0.006554540693	-0.01434125605	-0.01501518414	0.001147981042	-0.0006462315617	-0.004530546745	0.00546630318	-0.001762534408	-0.00504520419	-0.009018314883	-0.02406888316	-0.003866177307	-0.001654513345	-0.0131598504	-0.003701130645	-0.004358242483	-0.0100642372	0.01098974905	0.005770880554	-0.01739758145	-0.01962926195	0.01182679228	0.004618427655	0.007822847418	0.01163658035	-0.01331575955	-0.01414340381	-0.008677387668	-0.001109290945	-0.00400349407	0.01469665467	0.01254139151	-0.008260397346	-0.008310535142	-0.01771905205	-0.0101269408	-0.01197854147	-0.008456327904	-0.007486603068	-0.02718181285	-0.02592451934	-0.02498006967	-0.02823919157	-0.03893223637	-0.04171451419	-0.03822132559	-0.004884550578	-0.01863618776	-0.00828236442	-0.009271622676	-0.004561455259	-0.007164126121	-0.006757734118	-0.006336050913	0.01551948791	0.01057696988	0.01981424676	-0.001093684876	-0.007188355262	0.00438898379	-0.008896866871	-0.01067409275	-0.02203251344	
-0.01006524215	0.01702164995	0.5235402472	0.08821986661	0.04125428376	0.03131762846	-0.01815915099	-0.01805432003	0.02603131824	0.04266645558	-0.006980566349	-0.013569678	-0.00751922656	0.02668458498	0.03125582414	0.02420317778	0.03270255037	0.03814455347	0.02917408072	-0.01153685424	-0.02589487594	-0.01723249608	-0.02649741066	0.008621881843	-0.02671972602	-0.02496522779	0.02271136343	-0.02667566111	-0.02791261296	-0.02225987031	-0.01173912799	0.01622577138	0.0001406090227	0.00481731162	-0.008720530049	-0.01453303261	-0.0106223165	-0.01095524076	0.0006760979977	5.194615969e-05	-0.02028221717	-0.02023179994	0.03836428839	-0.01075686204	-0.008530079623	-0.02514378246	-0.02454119282	-0.02402266973	-0.01883243368	-0.02323345609	-0.02386423156	-0.02559753745	-0.04545104953	-0.04584275342	-0.04369883863	-0.0455072797	-0.0004114906876	0.003865980659	0.0003146948694	-0.01369294429	-0.03243316911	-0.01680558417	-0.02580205318	-0.01686717471	-0.02718942397	-0.0182977045	-0.01920935984	-0.007227651839	-0.02828066536	-7.527269831e-05	-0.01529409875	-0.005832431376	-5.861962731e-05	-0.02816902923	-0.02439051934	-0.02181962304	
-0.01402268303	0.02114829981	0.08821986661	0.5493997164	0.05195557861	0.07689202634	0.009193136262	-0.002261443846	0.003796254906	0.008931120412	-0.002849244552	-0.01943884775	-0.0152832679	0.007308379134	0.0109483192	0.02169737882	0.01455695585	0.0359269231	0.02990501707	-0.0138643695	-0.01160421433	-0.01159408375	-0.0296981759	0.01648710204	-0.02128984276	-0.01332279013	0.03665568112	-0.01606918692	-0.02568483484	-0.02108279703	-0.01818315405	0.009854361212	-0.004399598441	-0.008427857487	-0.02178758074	-0.02454375819	-0.01930405761	-0.009450605538	-0.01133560909	-0.01375852882	-0.002711524754	-0.005824380838	0.01254891709	-0.01741288054	-0.0199069668	-0.03184182703	-0.04035826943	-0.04184168251	-0.03638379106	-0.03370268502	-0.03678843581	-0.03622715557	-0.04970963983	-0.04786772331	-0.04997257768	-0.04725042132	-0.01650724434	-0.01959355201	-0.009494772749	-0.02112101555	-0.04174832753	0.008416198853	0.002060755913	0.004668212759	0.004781222175	-0.001979525634	-0.005505422337	-0.003254421498	-0.005402635397	-0.01281244727	-0.01650313058	-0.005822342262	0.02685707658	0.002340768652	-0.03510939457	-0.01263854355	
-0.05225974002	0.02176687807	0.04125428376	0.05195557861	0.5824418538	0.0281361221	0.04436690626	-0.005586413106	-0.009442385003	-0.02149452355	0.0305795339	0.003601871864	-0.03518462311	-0.01697575152	-0.01191203297	0.02936580726	0.02538680761	0.0190380517	-0.004088371178	-0.04901331142	-0.0440765742	-0.04394428105	-0.03069410213	0.01034060744	-0.03513327256	0.04359515496	0.04210090769	-0.01306278588	-0.04313713148	-0.0304509798	-0.05332828967	-0.02417119455	-0.0068816763	-0.001121042957	-0.05266668374	-0.04534011537	-0.05660172003	-0.03630850686	-0.02029401361	-0.0187009349	0.008185872694	0.002021286308	-0.01826336966	-0.05230873448	-0.05767740602	-0.01775185063	-0.01978584085	-0.02047670133	-0.01924684669	-0.0209050707	-0.02038951064	-0.02450339486	-0.02049631617	-0.02313811549	-0.02717016362	-0.02297440442	0.00460778777	0.005164398594	0.01272661099	-0.05391276665	-0.02927959371	0.02947305874	0.005798098711	0.02613170917	0.01011379562	0.03032663517	0.004754289057	0.02075700746	0.04192132097	0.04788422387	-0.04919391752	0.007699801552	0.001487153661	0.005155798735	-0.0303797774	0.05158502368	
0.01433241977	-0.01995728801	0.03131762846	0.07689202634	0.0281361221	0.4869138144	-0.03746708731	-0.03370735485	-0.02305915017	-0.004922283735	0.00364202625	0.0123322715	-0.01785773921	0.00121548988	0.01986504896	0.03098162923	-0.0302427146	-0.0160827783	-0.009456930568	0.01160816788	-0.009403702105	-0.01212316444	0.04023157872	-0.02280822227	-0.02614434084	-0.02956153279	-0.03803687304	-0.0273074162	-0.02518310159	-0.03181585377	0.007057768684	0.005614524948	-0.04111751278	-0.04240422584	0.01081092926	-0.01705255684	0.008711425	0.004016121925	-0.02292526038	-0.02412972487	-0.05677609337	-0.05281990772	-0.01060976847	0.01103326612	0.01115206604	0.02031552992	0.01956973324	0.01705586009	0.01799026298	0.02145611993	0.01770047149	0.0166791952	0.001923029173	-0.0002943608711	-0.007733222563	-0.008137094418	0.04221821418	0.04189087927	0.01882511035	-0.002356796539	0.02053896068	-0.01482308265	-0.05604927121	-0.02202521371	-0.06166215915	-0.01726635653	-0.05549795512	-0.05163377832	-0.008598401907	0.01287100391	0.0006911870675	-0.0346496493	-0.04352482499	-0.05605996552	0.03589066678	0.001804167143	
-0.05068516991	0.01206729897	-0.01815915099	0.009193136262	0.04436690626	-0.03746708731	0.6281703485	0.02281695854	0.009654681945	-0.0266335385	-0.01404988994	-0.04361867424	0.03698824187	-0.02130156508	-0.0348332501	-0.03648831532	-0.007623686528	-0.002217222328	-0.03072899276	-0.05481829173	-0.02239902893	-0.02616526852	-0.05641207739	2.406882086e-05	-0.004426733686	0.1809783039	0.03099150224	0.02070446055	-0.008929456717	-0.003052525144	-0.05378342408	-0.02539384468	0.01825429757	0.009392511021	-0.05389054558	-0.03572489821	-0.05615750432	-0.04223191254	-0.001176221436	-0.004059260362	0.05113360365	0.05213446404	-0.02413361743	-0.05476397843	-0.05293840787	-0.0714207783	-0.06608051355	-0.05495502044	-0.06351949281	-0.05949080006	-0.06637807663	-0.06408436826	-0.03389891828	-0.0271451741	-0.03348416435	-0.03425514327	-0.0410447008	-0.03586747334	-0.02584678736	-0.04631428769	-0.06557080808	-0.02383403865	0.05316850241	-0.01603378115	0.05133577494	-0.0217385409	0.05084425182	0.1967144082	0.183362153	0.02537565928	-0.04742951189	0.07721787507	-0.002950911512	0.05247429326	-0.06348013967	0.05172326903	
-0.05756390729	-0.005995267418	-0.01805432003	-0.002261443846	-0.005586413106	-0.03370735485	0.02281695854	0.5776591678	0.004524824582	0.03604279788	0.007565301288	-0.05614477276	-0.01068693373	0.03214605829	0.001244920485	0.02918557893	0.05340112943	0.02708043767	-0.03011408857	-0.0572392701	-0.04744076643	-0.04691649295	-0.07417460758	0.02453763454	-0.02766829942	-0.001952389683	0.1081944066	0.06758380155	-0.02304678846	-0.02366694984	-0.05817604932	0.01525663154	-0.003381071476	-0.001867832115	-0.05490524265	-0.01494351646	-0.05264012938	-0.03284087802	-0.01181407973	-0.01391488155	0.1445640043	0.141327025	0.032317276	-0.05497599299	-0.05227727793	-0.0819623497	-0.08258698915	-0.05332082121	-0.07951208608	-0.08002231427	-0.07891108067	-0.0763136235	-0.05057946453	-0.05129161925	-0.04710453499	-0.04759862449	-0.03573774839	-0.03647097065	-0.028425671	-0.04463445709	-0.05727762628	-0.002802769369	0.1365927445	-0.001632067292	0.1386295163	-0.0032307552	0.1391129323	0.01404952434	0.01822846641	-0.01080754369	-0.05272899395	0.02572215603	0.006316335907	0.1391581684	-0.07230269859	0.005954028423	
-0.02100289879	-0.01318798265	0.02603131824	0.003796254906	-0.009442385003	-0.02305915017	0.009654681945	0.004524824582	0.5537753868	0.02240804705	0.01491865697	-0.02163768318	0.09660032299	0.01562762019	0.007901602129	0.005524648633	0.1037160199	0.01298467204	0.004965015053	-0.02723076421	-0.02728328524	-0.0242680875	-0.04469730408	0.03307493458	-0.0179803294	0.00183569572	0.03211819682	-0.003126881161	-0.01704192799	-0.01217007656	-0.02257203012	0.01062512658	0.01296151412	0.01532214351	-0.01916726566	0.0119644765	-0.02047801421	0.004882282262	0.01269465422	0.01544141687	-0.01192304758	-0.005962453346	0.01456124441	-0.02511790814	-0.02277756624	-0.03848811658	-0.03266224333	-0.02825082754	-0.03369468301	-0.03325666019	-0.03071859874	-0.03508367432	-0.04559706695	-0.04359207382	-0.04176787618	-0.04193439776	-0.01399499791	-0.01844534036	-0.006128138459	-0.01083125187	-0.02432278873	-0.02453757553	-0.008715000427	-0.02630112165	-0.0127495696	-0.03021950657	-0.00773365843	0.01603789317	-0.0035587491	-0.01769899839	-0.01425391187	0.02623701734	-0.01372137358	-0.01357939083	-0.04462534486	-0.003595689669	
-0.00243434051	0.006603193241	0.04266645558	0.008931120412	-0.02149452355	-0.004922283735	-0.0266335385	0.03604279788	0.02240804705	0.478481826	-0.0360384305	-0.03624515512	-0.007883401445	0.0186654791	0.007129406681	0.001212007582	0.03561487685	0.008786325881	0.03353211641	-0.006823846156	-0.01686155479	-0.01803576426	-0.01365290469	-0.02533426675	-0.0210776418	-0.03916254035	-0.005562808919	-0.005425176651	-0.02293626349	-0.03390938337	0.001341925631	0.04731811911	-0.02145208706	-0.02308278412	0.0008566111586	-0.01459811217	0.0002044690049	-0.00893614348	-0.0168121542	-0.02093071731	0.03002015246	0.03317792732	0.1528646852	0.004962442294	-0.0008360700701	-0.03096754862	-0.03375214312	-0.01779280614	-0.03638362938	-0.0337574717	-0.03432382388	-0.03091066209	-0.04340340419	-0.04183288315	-0.04269233825	-0.04582950351	-0.01315331051	-0.01578272316	-0.02492576385	-0.005572663598	-0.028428569	-0.008748978129	0.0265110176	-0.005859939377	0.0234764416	-0.01470474234	0.02379222992	-0.0170028413	-0.03331286352	0.002038896378	-0.0125981924	0.006582261929	0.000994141538	0.0260027112	-0.0146749041	-0.04272408665	
-0.07022888778	-0.04198803227	-0.006980566349	-0.002849244552	0.0305795339	0.00364202625	-0.01404988994	0.007565301288	0.01491865697	-0.0360384305	0.6118222662	0.06758063195	-0.01814004406	0.001533506741	0.002904008182	0.04034379879	0.02886263122	0.05031736342	-0.01233983475	-0.0700231859	-0.05008089527	-0.0484240072	-0.0439075569	0.2424492332	-0.03662894781	-0.004501047029	0.048857881	-0.02166991961	-0.0349402373	-0.02595737197	-0.07052292936	-0.02883206175	0.01878857758	0.0184012781	-0.06838190231	-0.002886440711	-0.07086956727	-0.03124359942	-0.01161600224	-0.006687691186	-0.01599942492	-0.01764744986	-0.03628683379	-0.06677935833	-0.06654789707	-0.01815896008	-0.02351630913	-0.01664229496	-0.02345784095	-0.02597512838	-0.02871712542	-0.02556125294	0.03890807462	0.03899571677	0.03661597085	0.03573687403	0.03678967656	0.03729440935	0.06738624461	-0.04493190536	-0.02259018164	-0.01330472058	-0.0196796033	-0.01417478646	-0.01657813229	-0.008430869189	-0.01502377615	-0.02435989663	0.01097828696	-0.0003976454955	-0.04445628007	-0.001932042049	-0.0404788078	-0.01298719641	-0.04483321007	0.02796527418	
-0.001570266159	-0.003138162069	-0.013569678	-0.01943884775	0.003601871864	0.0123322715	-0.04361867424	-0.05614477276	-0.02163768318	-0.03624515512	0.06758063195	0.5046705829	-0.02703779422	-0.0130765306	-0.00581990483	0.01556826223	-0.0297808879	0.00836669478	-0.00613946043	0.001340916169	-0.01015639119	-0.007672333873	0.02375366603	0.04482039871	-0.01761870759	-0.02557443668	-0.03315309103	-0.04411666117	-0.01679051272	-0.01802509039	-0.002243143329	-0.02175281607	0.008841292169	0.01195710774	-0.0005999289228	0.005897963879	-0.0003298347681	0.006429302611	-0.02544594422	-0.02032092573	-0.06904902334	-0.0693467311	-0.03604605349	0.001951190443	0.001623639468	0.0404668211	0.03353593763	0.006051463747	0.03364242245	0.03490627978	0.03561739965	0.03392610749	0.0496898227	0.04719423417	0.04620496718	0.04842006886	-0.007990833236	-0.003622118483	0.02359806584	-0.01015370339	0.00691992268	-0.01251797485	-0.0710881497	-0.01586565227	-0.06726378913	-0.004930115209	-0.07102568177	-0.04473999162	-0.01664309281	-0.005845155067	-0.008805102668	-0.03464164923	-0.04038205902	-0.06903758777	0.01824785577	0.002854937596	
0.01394535238	-0.01915080834	-0.00751922656	-0.0152832679	-0.03518462311	-0.01785773921	0.03698824187	-0.01068693373	0.09660032299	-0.007883401445	-0.01814004406	-0.02703779422	0.5490407362	0.0004414360642	0.01414782826	-0.03068783772	-0.01291702905	-0.01429574396	-0.01382223377	0.01107344343	0.005634158933	0.007902071792	-0.003864373427	-0.001394517367	0.005769618721	0.01218402975	-0.02312142279	-0.005989126234	0.004053155689	-0.004861612683	0.004836754325	-0.01663558546	-0.008134214168	-0.002778329461	0.005664953415	0.02217892072	0.006748178299	0.02395969995	-0.008473815334	-0.008084353542	-0.03302348729	-0.03429358638	-0.002686226896	0.002992746296	0.00510221125	-0.02637886808	-0.01524768782	-0.005043188355	-0.01569309901	-0.01667408319	-0.02084395845	-0.01852915243	-0.02817573054	-0.02272587675	-0.02914399384	-0.02521427391	-0.009571516505	-0.01284632294	-0.02817137412	0.01050473554	-0.005711647374	-0.03591434113	-0.0242229748	-0.03275921736	-0.0242480669	-0.04327333056	-0.03086847095	0.02306285578	0.0220587685	-0.0163041666	0.01238569441	0.05087300187	-0.01901383049	-0.03047980265	-0.01216867383	-0.01511793371	
-0.007502811515	-0.006554540693	0.02668458498	0.007308379134	-0.01697575152	0.00121548988	-0.02130156508	0.03214605829	0.01562762019	0.0186654791	0.001533506741	-0.0130765306	0.0004414360642	0.5169572071	0.1324641696	0.07858238476	0.04159368235	0.03300851051	-0.01473093461	0.002676775844	0.005466912559	0.004098608301	-0.0176375139	0.01466183467	-0.01354414161	-0.03973799786	0.002812742166	0.004847171402	-0.0143960725	-0.02478774706	-0.005991074223	0.01171081844	-0.01325598762	-0.01531577118	-0.00730842245	0.004643372375	-0.008333822933	0.007441558903	-0.00137899725	0.003208841229	-0.01549018421	-0.02018724656	0.02442887227	-0.00570960362	-0.004789685246	-0.03435885741	-0.03111076783	-0.03357844161	-0.03272629313	-0.03556661095	-0.03433140165	-0.03502956304	-0.02606836691	-0.02851676453	-0.02552600076	-0.02347656835	0.006420619912	0.005685508667	0.002823740138	-0.008283302571	-0.0313834494	-0.05191659456	-0.009404185845	-0.04684287199	-0.01753288949	-0.05535485267	-0.01944219234	-0.02183962588	-0.0365491738	-0.0008689524274	-0.01068985699	0.03195541543	-0.03540592483	-0.01110704981	-0.02050523439	-0.03368910559	
0.0123107197	-0.01434125605	0.03125582414	0.0109483192	-0.01191203297	0.01986504896	-0.0348332501	0.001244920485	0.007901602129	0.007129406681	0.002904008182	-0.00581990483	0.01414782826	0.1324641696	0.5098209402	0.0745980866	0.01524182442	0.01452808033	-0.006052014955	0.01136938682	0.01396338971	0.01517263839	-0.005082703914	0.0216983589	-0.005609352816	-0.04091231336	-0.01906460964	-0.03379828774	-0.005774174538	-0.01310760937	0.01069223862	0.008484560511	-0.006294127655	-0.00927217578	0.0131322372	0.0169805251	0.01238344299	0.02292780386	0.01825403635	0.01482372056	-0.06440130591	-0.06157289836	0.01257557407	0.01050562511	0.004482063882	-0.02311260362	-0.01935172617	-0.01163616812	-0.01922266419	-0.02149556433	-0.02122420748	-0.017369071	-0.021679997	-0.01937834646	-0.02353687747	-0.02169772624	0.02799596773	0.02249719164	0.01441821103	0.004503733483	-0.007079805334	-0.06660388137	-0.05344414159	-0.067750051	-0.05816594298	-0.06891118613	-0.06187527714	-0.03289563647	-0.04242953854	-0.007458173951	0.01187427377	0.03160399625	-0.04959061026	-0.05860265939	-0.005109809003	-0.03723007157	
-0.03867764656	-0.01501518414	0.02420317778	0.02169737882	0.02936580726	0.03098162923	-0.03648831532	0.02918557893	0.005524648633	0.001212007582	0.04034379879	0.01556826223	-0.03068783772	0.07858238476	0.0745980866	0.536898062	0.004607527288	0.01932454816	-8.741733421e-05	-0.04502431546	-0.0349447832	-0.04051073571	-0.01810569598	0.01409751143	-0.03865528408	-0.001935351869	0.02253371177	-0.007696254829	-0.04667871002	-0.03735084179	-0.0443157927	0.01078869965	-0.01549456564	-0.01427982417	-0.04010630374	-0.02251098663	-0.04523248287	-0.008100349543	-0.0161413835	-0.02094705847	-0.01868708084	-0.01274920261	-0.0004560942759	-0.04160664809	-0.04088860403	0.005761175652	0.0007946633417	-0.01865270113	0.006056134654	0.001120077706	0.00213655079	-0.0001617252648	-0.0151501255	-0.01395578866	-0.007404893938	-0.01233120566	0.02539919262	0.02828880704	0.0128659972	-0.04033477903	-0.008140684678	-0.01366353582	-0.01814866124	-0.01112873802	-0.01652355472	-0.004486337472	-0.01894738132	-0.02591976913	-0.0006959223382	0.001197374084	-0.03927196558	-0.01063614017	-0.03753661862	-0.01560632253	-0.006259514971	0.02519832291	
-0.05536058301	0.001147981042	0.03270255037	0.01455695585	0.02538680761	-0.0302427146	-0.007623686528	0.05340112943	0.1037160199	0.03561487685	0.02886263122	-0.0297808879	-0.01291702905	0.04159368235	0.01524182442	0.004607527288	0.5610396175	0.05551363691	-0.001294642668	-0.04655883529	-0.03654502704	-0.03290532936	-0.06720740101	0.04432776665	-0.03108362458	-0.01242157081	0.07618863092	0.01594667051	-0.03362384712	-0.03136532317	-0.05501906017	-0.001972180871	0.008943774497	0.008804088068	-0.05159498375	-0.004027538159	-0.052095907	-0.02660920593	0.04278689972	0.04168605861	0.03634419222	0.03429286457	0.04438511104	-0.06042301166	-0.05676377488	-0.0573957065	-0.05860749938	-0.02325618009	-0.05357220235	-0.05907492147	-0.05672314378	-0.05623583771	-0.0548087947	-0.05457315989	-0.05817800644	-0.05230266022	-0.03147669734	-0.03142192606	-0.0065874789	-0.02153420603	-0.03606272933	0.01594421081	0.0384004983	0.01104133217	0.04425037556	0.006832716451	0.03432742323	-0.005774073563	-0.01999481002	-0.01329423407	-0.01620389302	0.03122195894	0.03789079074	0.04192138595	-0.07177787489	-0.0126297893	
-0.03933909508	-0.0006462315617	0.03814455347	0.0359269231	0.0190380517	-0.0160827783	-0.002217222328	0.02708043767	0.01298467204	0.008786325881	0.05031736342	0.00836669478	-0.01429574396	0.03300851051	0.01452808033	0.01932454816	0.05551363691	0.4779945361	0.01088900153	-0.04032557376	-0.02349855767	-0.02403682393	-0.05986620284	0.06603418071	-0.01430574662	-0.01926466157	0.05249422388	-0.01010705904	-0.0163897899	-0.0113518648	-0.04727026099	-0.0001483970429	0.01971797791	0.02057777897	-0.05195237612	-0.02864792198	-0.04116233588	-0.03074741032	0.006469770867	-0.003034331674	0.01240676193	0.00737502563	0.02059536912	-0.05009161708	-0.04880230232	-0.05375894667	-0.04608133224	-0.0468730873	-0.04209088252	-0.0432757228	-0.04598389432	-0.04750113272	-0.0003760834279	0.006299115834	0.003099641277	0.00598337589	0.003157374913	0.003215746361	0.05363665821	-0.04186481624	-0.05949171522	-0.002707066457	0.01830498881	-0.005582613046	0.02298797185	-0.01393656748	0.01679161131	-0.008715718871	-0.01640095467	-0.01873410781	-0.03902948521	-0.0001695762236	0.01658196291	0.01785607339	-0.05605395765	-0.003276979738	
0.01598806879	-0.004530546745	0.02917408072	0.02990501707	-0.004088371178	-0.009456930568	-0.03072899276	-0.03011408857	0.004965015053	0.03353211641	-0.01233983475	-0.00613946043	-0.01382223377	-0.01473093461	-0.006052014955	-8.741733421e-05	-0.001294642668	0.01088900153	0.4961199195	0.0219973937	0.007420650101	0.002878490806	0.002363664486	0.003853702841	-0.0179760302	-0.03479840765	-0.008488909744	-0.03270822638	-0.01742641074	-0.01426976413	0.01873168081	0.03622666912	0.01163131788	0.0128932559	0.01734906102	0.003777921077	0.01833914442	0.01062817541	-0.02329759844	-0.02374318114	-0.04123430499	-0.04353266949	0.03907553757	0.01487351186	0.01694770766	0.0112596339	0.005522107287	-0.0206352708	0.006669511819	0.006364873166	0.009305066779	0.01074357406	-0.04073948513	-0.04187675654	-0.0444062607	-0.03508315443	-0.009337212706	-0.007934352177	-0.009333702966	-0.005545835824	-0.02017006315	0.004933722512	-0.03478842898	0.005821239346	-0.03767424472	0.0009393208473	-0.04081154119	-0.02830333163	-0.04450497345	-0.03282927367	-0.006189729212	-0.01816900148	0.02066562539	-0.03633354515	0.0004734126807	-0.03673205642	
0.08198702762	0.00546630318	-0.01153685424	-0.0138643695	-0.04901331142	0.01160816788	-0.05481829173	-0.0572392701	-0.02723076421	-0.006823846156	-0.0700231859	0.001340916169	0.01107344343	0.002676775844	0.01136938682	-0.04502431546	-0.04655883529	-0.04032557376	0.0219973937	0.427277315	0.04816109265	0.04670481412	0.07189457342	-0.04935335699	0.01118272654	-0.05905053833	-0.08635848466	-0.04007086739	0.007525273707	0.005159569295	0.08224388918	0.01471260681	-0.04169655069	-0.044609477	0.0790750279	0.0330472134	0.08714793157	0.05453690151	-0.01756050742	-0.01854114538	-0.07813451836	-0.0807709902	0.003157876394	0.08522479666	0.08872552001	0.03697687007	0.03097189962	0.02695464758	0.0292404393	0.03091405547	0.03294132661	0.03140440603	-0.005979909253	-0.002026437083	-0.01218870506	-0.003588829885	-0.00974641248	-0.01341112584	-0.0270680924	0.05416729857	0.03507728479	-0.04111472983	-0.07754197526	-0.04314853318	-0.07285758742	-0.04530609503	-0.08046183185	-0.05007894191	-0.07039354655	-0.01775693086	0.05298915036	-0.03627410738	-0.02647628062	-0.07359841066	0.06055062408	-0.06786100861	
0.0399557618	-0.001762534408	-0.02589487594	-0.01160421433	-0.0440765742	-0.009403702105	-0.02239902893	-0.04744076643	-0.02728328524	-0.01686155479	-0.05008089527	-0.01015639119	0.005634158933	0.005466912559	0.01396338971	-0.0349447832	-0.03654502704	-0.02349855767	0.007420650101	0.04816109265	0.4907005932	0.1429328762	0.02963418256	-0.03384444466	0.04416220695	-0.03622101174	-0.06585404691	-0.02316725755	0.04832885437	0.03559344728	0.03991744208	-0.002869459184	-0.02773050296	-0.03006268572	0.03489744787	0.01166270444	0.04258490692	0.01634719089	0.004004144187	-0.002347527357	-0.05278663854	-0.05621052942	-0.01079415806	0.04381321473	0.03639853949	0.0001520680028	0.004522507236	-0.004016789992	0.004438073123	0.004201913139	0.001602181661	0.0003266361285	0.008596605703	0.01193779283	0.002162056544	0.007618255795	-0.01733397238	-0.01605380022	-0.01266410954	0.01985004066	0.001712086758	-0.04058768914	-0.04788019148	-0.04138366785	-0.04725580322	-0.04001790192	-0.04952453484	-0.02986120087	-0.03935124483	-0.01857455653	0.02340619607	-0.01828263272	-0.02627426377	-0.05258859844	0.01890349081	-0.04551821072	
0.04075744924	-0.00504520419	-0.01723249608	-0.01159408375	-0.04394428105	-0.01212316444	-0.02616526852	-0.04691649295	-0.0242680875	-0.01803576426	-0.0484240072	-0.007672333873	0.007902071792	0.004098608301	0.01517263839	-0.04051073571	-0.03290532936	-0.02403682393	0.002878490806	0.04670481412	0.1429328762	0.4866612833	0.02382382314	-0.03173421723	0.04944219907	-0.03985376273	-0.06386526226	-0.02571117019	0.04974259211	0.03756402909	0.03866749186	-0.003268443792	-0.02501303774	-0.02693179333	0.04386812649	0.01283348135	0.04109599316	0.01812309258	-0.0005838455854	0.001517659581	-0.05375575038	-0.05696529409	-0.01044542921	0.04359890668	0.04468662337	0.004550968889	-0.0006631895772	-0.0006203972137	0.001665188451	-0.003413183753	-0.001849630829	0.001170812321	0.008919875262	0.01137437225	0.001722076689	0.004727574849	-0.01711155397	-0.01461221361	-0.01181099116	0.01559820396	0.001879558502	-0.04087042363	-0.04768567195	-0.041780056	-0.04532801984	-0.04163194052	-0.05294507979	-0.02634767304	-0.04547341495	-0.02065568516	0.02156718596	-0.02080434552	-0.02067057564	-0.05270081026	0.02284792959	-0.04411906152	
0.06619768844	-0.009018314883	-0.02649741066	-0.0296981759	-0.03069410213	0.04023157872	-0.05641207739	-0.07417460758	-0.04469730408	-0.01365290469	-0.0439075569	0.02375366603	-0.003864373427	-0.0176375139	-0.005082703914	-0.01810569598	-0.06720740101	-0.05986620284	0.002363664486	0.07189457342	0.02963418256	0.02382382314	0.4287627226	-0.06505675669	-0.002031334627	-0.0495000198	-0.1026635981	-0.04906339757	-0.006796342982	-0.01221947741	0.06569303316	-0.001750461267	-0.05659111316	-0.05512387008	0.06515018078	0.0153901547	0.0658204067	0.03948727489	-0.03108741038	-0.03444607646	-0.08780489285	-0.09017350346	-0.01891237732	0.06855731238	0.06978479062	0.06552927441	0.0555314308	0.05582778288	0.05859074563	0.05756011526	0.06201341805	0.05552654206	0.02554656567	0.02345531405	0.01695007669	0.02029063958	0.01547674488	0.01775492171	-0.00953635129	0.04189890605	0.06019649624	-0.02314913199	-0.0927703675	-0.02401829249	-0.09491951509	-0.01808959111	-0.08815353779	-0.06208450307	-0.04343949643	0.002829307474	0.03476648859	-0.05065021528	-0.04424983515	-0.09081662511	0.08657690911	-0.02725229204	
-0.0559484579	-0.02406888316	0.008621881843	0.01648710204	0.01034060744	-0.02280822227	2.406882086e-05	0.02453763454	0.03307493458	-0.02533426675	0.2424492332	0.04482039871	-0.001394517367	0.01466183467	0.0216983589	0.01409751143	0.04432776665	0.06603418071	0.003853702841	-0.04935335699	-0.03384444466	-0.03173421723	-0.06505675669	0.5949449066	-0.024371817	-0.02167471608	0.06370277374	-0.002719031922	-0.02234198387	-0.01917343866	-0.05450189515	-0.01514191528	0.03005612485	0.03095477847	-0.05472829211	0.01192475114	-0.057433102	-0.01787636869	0.005262670158	0.004807080832	-0.00285987073	-0.007158123927	-0.01752879072	-0.05569369406	-0.05639078531	-0.04650401269	-0.04508912007	-0.03995108062	-0.0467877363	-0.04625428614	-0.04005429109	-0.04483308352	0.009880968301	0.01355217701	0.01280503975	0.009253171161	0.01500660741	0.007420038968	0.054569034	-0.03092159746	-0.05109554787	-0.03869262315	0.00541652278	-0.03870757018	0.002985284058	-0.03925364864	-0.009982588055	-0.01481004488	-0.01429912642	-0.01893034193	-0.03022763539	0.01580417977	-0.01990853663	-0.002498667021	-0.06843097562	-0.007005863173	
0.01185662838	-0.003866177307	-0.02671972602	-0.02128984276	-0.03513327256	-0.02614434084	-0.004426733686	-0.02766829942	-0.0179803294	-0.0210776418	-0.03662894781	-0.01761870759	0.005769618721	-0.01354414161	-0.005609352816	-0.03865528408	-0.03108362458	-0.01430574662	-0.0179760302	0.01118272654	0.04416220695	0.04944219907	-0.002031334627	-0.024371817	0.5324473	-0.02443057942	-0.04059848378	-0.009153756373	0.1913373353	0.1764082799	0.01145394403	-0.01541444127	-0.006481311625	-0.006413554422	0.006331700281	-0.007647892432	0.01099627618	-0.0001678674912	0.005834796483	0.002042325657	-0.02556106973	-0.0300086988	-0.02262966995	0.008699696966	0.004451238335	-0.02273519769	-0.02211861703	-0.01685969497	-0.02187430439	-0.01789406634	-0.02225786025	-0.02084968902	0.009426079437	0.009437220486	0.008074676968	0.01322518009	-0.01389985621	-0.01652338986	-0.01209971404	-0.002025844746	-0.01942673167	-0.04168281301	-0.02710468898	-0.03083008941	-0.02732747087	-0.03744375437	-0.03118129966	-0.005005228739	-0.02385790462	-0.02045322395	-0.00644760883	-0.01084483569	-0.01983969403	-0.02984549239	-0.003382291847	-0.01412939119	
-0.06268292725	-0.001654513345	-0.02496522779	-0.01332279013	0.04359515496	-0.02956153279	0.1809783039	-0.001952389683	0.00183569572	-0.03916254035	-0.004501047029	-0.02557443668	0.01218402975	-0.03973799786	-0.04091231336	-0.001935351869	-0.01242157081	-0.01926466157	-0.03479840765	-0.05905053833	-0.03622101174	-0.03985376273	-0.0495000198	-0.02167471608	-0.02443057942	0.6426539807	0.01039980905	-3.932521492e-05	-0.01919644143	-0.02010932957	-0.05914540728	-0.0360282464	-0.00719291587	-0.002622846329	-0.05719503871	-0.04642561987	-0.06069096526	-0.05332437215	-0.02022944913	-0.01707183475	0.02302856629	0.0227965964	-0.03088141644	-0.05881760752	-0.05616792238	-0.04317478571	-0.0445020217	-0.03346541087	-0.0394694991	-0.04225716065	-0.03428826382	-0.03879285062	-0.01467719056	-0.01014563642	-0.006717929079	-0.01385936785	-0.02510441785	-0.02368182573	0.03689251487	-0.05860414484	-0.03739419158	-0.005300243981	0.02147431426	-0.007632546764	0.02704518512	0.003161067674	0.02817899597	0.2844960445	0.2104669465	0.03601256376	-0.05565509429	0.06290630031	-0.02308097648	0.0220098231	-0.04784913403	0.06385387372	
-0.09091212416	-0.0131598504	0.02271136343	0.03665568112	0.04210090769	-0.03803687304	0.03099150224	0.1081944066	0.03211819682	-0.005562808919	0.048857881	-0.03315309103	-0.02312142279	0.002812742166	-0.01906460964	0.02253371177	0.07618863092	0.05249422388	-0.008488909744	-0.08635848466	-0.06585404691	-0.06386526226	-0.1026635981	0.06370277374	-0.04059848378	0.01039980905	0.6077878025	0.05563941205	-0.03852067067	-0.01672665963	-0.08298816073	-0.004787561353	0.0607765767	0.06123594219	-0.08249775571	-0.03453579392	-0.08674210162	-0.06230520966	0.0004987267073	0.004022656791	0.1286977001	0.1296816382	-0.006290772093	-0.0854408695	-0.08248860003	-0.07796556099	-0.07080973324	-0.067656891	-0.07470691844	-0.07718788295	-0.07231500603	-0.07307269292	-0.06519697728	-0.06974867108	-0.06735901507	-0.06562277568	-0.03042269682	-0.02799382567	-0.01280164718	-0.05719036935	-0.07668156339	0.04638322845	0.1200061634	0.04381263435	0.121259199	0.04174543355	0.1274306829	0.0283358172	0.01362205059	-0.02392070982	-0.06122049747	-0.0002178771843	0.05839097504	0.1207405832	-0.1020018871	0.02842786566	
-0.03146346511	-0.003701130645	-0.02667566111	-0.01606918692	-0.01306278588	-0.0273074162	0.02070446055	0.06758380155	-0.003126881161	-0.005425176651	-0.02166991961	-0.04411666117	-0.005989126234	0.004847171402	-0.03379828774	-0.007696254829	0.01594667051	-0.01010705904	-0.03270822638	-0.04007086739	-0.02316725755	-0.02571117019	-0.04906339757	-0.002719031922	-0.009153756373	-3.932521492e-05	0.05563941205	0.5552293074	-0.009280701634	-0.01026034487	-0.03763359369	-0.01958951754	0.01757362094	0.01439446484	-0.03955749608	-0.03152011574	-0.03975324373	-0.03194140609	0.03554257351	0.03118784057	0.1277929498	0.126441405	-0.007215720609	-0.0392654541	-0.03620561167	-0.05629656603	-0.06080614998	-0.05536928912	-0.05860792313	-0.05969996222	-0.05648959747	-0.05805781834	-0.03458557118	-0.03186726878	-0.03432490764	-0.03538935773	-0.04477664875	-0.04918844908	-0.03865686913	-0.03761168261	-0.05976380937	0.005605534821	0.124531607	0.01186472744	0.1237677329	0.00931643231	0.1206075377	0.004111345607	0.004682035911	-0.02514720253	-0.0475234055	0.01226582859	0.0203688315	0.1240561197	-0.05414588918	-0.0006877931827	
0.01220704949	-0.004358242483	-0.02791261296	-0.02568483484	-0.04313713148	-0.02518310159	-0.008929456717	-0.02304678846	-0.01704192799	-0.02293626349	-0.0349402373	-0.01679051272	0.004053155689	-0.0143960725	-0.005774174538	-0.04667871002	-0.03362384712	-0.0163897899	-0.01742641074	0.007525273707	0.04832885437	0.04974259211	-0.006796342982	-0.02234198387	0.1913373353	-0.01919644143	-0.03852067067	-0.009280701634	0.5228435434	0.1861853199	0.007968572456	-0.01163292246	-0.004479158211	-0.008359040942	0.02349571809	0.004565715635	0.01780371721	-0.00643617898	0.005139965531	0.01055464306	-0.03711760247	-0.0281184259	-0.01933180277	0.01448710848	0.02344611407	-0.02193273917	-0.01853291783	-0.01740651197	-0.023848046	-0.02418345857	-0.01754768116	-0.01958126927	0.01128092137	0.01228564701	0.01233748686	0.01328140683	-0.01090408113	-0.01318078597	-0.008794191415	-0.004267234627	-0.01873444898	-0.03528897217	-0.03050529301	-0.03802455497	-0.03419702531	-0.04147921059	-0.03367637478	-0.009415163233	-0.02319480225	-0.02144724314	-0.009082155545	-0.01438306026	-0.02305219327	-0.03140648076	-0.006983551804	-0.03195930623	
0.001381032178	-0.0100642372	-0.02225987031	-0.02108279703	-0.0304509798	-0.03181585377	-0.003052525144	-0.02366694984	-0.01217007656	-0.03390938337	-0.02595737197	-0.01802509039	-0.004861612683	-0.02478774706	-0.01310760937	-0.03735084179	-0.03136532317	-0.0113518648	-0.01426976413	0.005159569295	0.03559344728	0.03756402909	-0.01221947741	-0.01917343866	0.1764082799	-0.02010932957	-0.01672665963	-0.01026034487	0.1861853199	0.5201838661	0.00753201044	-0.006836129194	-0.003774721275	-0.004446354153	0.01960390503	0.003393796835	0.01460794787	-0.01110552835	-0.0001011200097	0.01109217496	-0.01291512721	-0.009814558735	-0.03134428379	0.004803856187	0.02280025922	-0.01874758008	-0.01301325347	-0.02439144164	-0.01786804239	-0.01624556526	-0.01487297183	-0.01842198342	0.003018920861	0.004130070868	0.007181335682	0.007602145991	-0.01962675797	-0.02012981085	-0.0150056291	-0.01337552957	-0.02522756851	-0.02605469595	-0.01705711493	-0.02864581121	-0.02019677207	-0.02383277227	-0.0170109373	-0.01112089534	-0.02149041081	-0.02585716887	-0.01612227741	-0.02056143794	-0.01105965559	-0.02296367004	-0.02522108281	-0.03574415979	
0.08112815853	0.01098974905	-0.01173912799	-0.01818315405	-0.05332828967	0.007057768684	-0.05378342408	-0.05817604932	-0.02257203012	0.001341925631	-0.07052292936	-0.002243143329	0.004836754325	-0.005991074223	0.01069223862	-0.0443157927	-0.05501906017	-0.04727026099	0.01873168081	0.08224388918	0.03991744208	0.03866749186	0.06569303316	-0.05450189515	0.01145394403	-0.05914540728	-0.08298816073	-0.03763359369	0.007968572456	0.00753201044	0.4199125178	0.0192095641	-0.03610762549	-0.04105890969	0.0886623158	0.03625278862	0.09703774011	0.04988182981	-0.01536547505	-0.01149654186	-0.08243614046	-0.07592473283	-0.001369148696	0.08442292597	0.08494944524	0.03926096624	0.03354961195	0.02810260791	0.03220103312	0.03463399447	0.03658703441	0.03491205035	-0.006996510068	0.002441208698	-0.005444083346	-0.001817119037	-0.008610753109	-0.01345037304	-0.03246627316	0.0582346845	0.03586536646	-0.0432720884	-0.0803120227	-0.04442847145	-0.07358925792	-0.04847015833	-0.07942633462	-0.04385122974	-0.07090517873	-0.01953316636	0.05371983795	-0.03554649891	-0.03159594865	-0.07390492389	0.06373908933	-0.06703891335	
0.01147955839	0.005770880554	0.01622577138	0.009854361212	-0.02417119455	0.005614524948	-0.02539384468	0.01525663154	0.01062512658	0.04731811911	-0.02883206175	-0.02175281607	-0.01663558546	0.01171081844	0.008484560511	0.01078869965	-0.001972180871	-0.0001483970429	0.03622666912	0.01471260681	-0.002869459184	-0.003268443792	-0.001750461267	-0.01514191528	-0.01541444127	-0.0360282464	-0.004787561353	-0.01958951754	-0.01163292246	-0.006836129194	0.0192095641	0.4656603629	-0.01444067397	-0.01103660643	0.01465123763	0.01268035687	0.01605950812	0.01294199941	-0.02691686173	-0.02936230283	-0.004715681479	0.00398489957	0.04268896598	0.01339332005	0.01166371849	-0.01374414971	-0.01152252218	-0.02306803831	-0.01549308929	-0.01151020237	-0.01660358713	-0.01301460548	-0.03614403746	-0.03830536858	-0.04122585232	-0.04035399648	-0.008613876322	-0.01140106998	-0.02874384024	-4.40069838e-05	-0.01867085842	-0.009784590083	-0.001996848978	-0.01115547639	-0.005082979879	-0.0114928974	-0.001605615885	-0.01707639051	-0.03476868698	-0.003732616759	-0.005509213785	-0.01403866935	-0.00183034712	-0.005548641926	-0.007097528396	-0.03512535202	
-0.03967333632	-0.01739758145	0.0001406090227	-0.004399598441	-0.0068816763	-0.04111751278	0.01825429757	-0.003381071476	0.01296151412	-0.02145208706	0.01878857758	0.008841292169	-0.008134214168	-0.01325598762	-0.006294127655	-0.01549456564	0.008943774497	0.01971797791	0.01163131788	-0.04169655069	-0.02773050296	-0.02501303774	-0.05659111316	0.03005612485	-0.006481311625	-0.00719291587	0.0607765767	0.01757362094	-0.004479158211	-0.003774721275	-0.03610762549	-0.01444067397	0.6217119418	0.3078070008	-0.03614810957	0.002625864778	-0.0376923456	-0.01404712249	0.1114672923	0.1120677201	-0.007891309485	-0.003725666663	-0.02071952086	-0.0362848864	-0.03895627552	-0.0311080018	-0.02637276513	-0.04114850184	-0.03079113338	-0.03027295087	-0.02982603563	-0.0259826761	-0.03638101888	-0.03532461606	-0.0369805328	-0.03658534527	-0.0319237451	-0.0292800922	-0.0127055297	-0.03364945321	-0.04664036488	-0.02801192738	-0.01564154009	-0.03182803764	-0.01138645409	-0.0279937321	-0.01611784959	0.01306566626	0.003088675802	-0.0169634799	-0.0357055013	-0.004546411189	-0.01899947347	-0.01429015597	-0.05321630434	0.006608391368	
-0.03922829574	-0.01962926195	0.00481731162	-0.008427857487	-0.001121042957	-0.04240422584	0.009392511021	-0.001867832115	0.01532214351	-0.02308278412	0.0184012781	0.01195710774	-0.002778329461	-0.01531577118	-0.00927217578	-0.01427982417	0.008804088068	0.02057777897	0.0128932559	-0.044609477	-0.03006268572	-0.02693179333	-0.05512387008	0.03095477847	-0.006413554422	-0.002622846329	0.06123594219	0.01439446484	-0.008359040942	-0.004446354153	-0.04105890969	-0.01103660643	0.3078070008	0.6192189937	-0.04030765826	-0.0006265207407	-0.04274936581	-0.01107519372	0.1141044146	0.1119908122	-0.00843082435	-0.003718001931	-0.0251059046	-0.03697007027	-0.04032907199	-0.02757488438	-0.0242860316	-0.04176054085	-0.02349462668	-0.0281132452	-0.03267638929	-0.02916624446	-0.03495529256	-0.03635167233	-0.03862602553	-0.03858673073	-0.03169961035	-0.02979197481	-0.01214406507	-0.03135137549	-0.04914433752	-0.02356374589	-0.0131057931	-0.02836548423	-0.01890312683	-0.02547079947	-0.008701467269	0.01377744915	0.001122438924	-0.01793430847	-0.03887689756	-0.004336795068	-0.01474253582	-0.01596997889	-0.04975648289	0.01006384313	
0.08150233548	0.01182679228	-0.008720530049	-0.02178758074	-0.05266668374	0.01081092926	-0.05389054558	-0.05490524265	-0.01916726566	0.0008566111586	-0.06838190231	-0.0005999289228	0.005664953415	-0.00730842245	0.0131322372	-0.04010630374	-0.05159498375	-0.05195237612	0.01734906102	0.0790750279	0.03489744787	0.04386812649	0.06515018078	-0.05472829211	0.006331700281	-0.05719503871	-0.08249775571	-0.03955749608	0.02349571809	0.01960390503	0.0886623158	0.01465123763	-0.03614810957	-0.04030765826	0.368154093	0.05725933332	0.09794773031	0.05187991156	-0.02078596422	0.002645221265	-0.08167635059	-0.07352033696	-0.008289896372	0.08513576349	0.1079627733	0.03314845513	0.03822825337	0.02871608223	0.038245377	0.037232135	0.03861726165	0.03317607371	-0.0009952520299	0.0005202794299	-0.0005865280118	-0.00260419211	-0.009226620076	-0.006824963473	-0.02690916145	0.05686761389	0.03883924482	-0.04319706476	-0.07867912453	-0.04493610751	-0.08215953613	-0.04744038829	-0.08017379631	-0.04604271069	-0.07055537491	-0.0201142593	0.05044949733	-0.03656314185	-0.03542348515	-0.08784223871	0.05935850131	-0.09519957119	
